code
""
code
""
code
""
